                               11                                 1
                            10011                              1101                                 1
                           010011                             11101                                11                                 1
                        010010011                          11011101                             10011                              1101                                 1
                       0010010011                         011011101                            010011                             11101                                11                                 1
                    0010010010011                      011011011101                         010010011                          11011101                             10011                              1101                                 1
                   10010010010011                     1011011011101                        0010010011                         011011101                            010011                             11101                                11                                 1
                10010010010010011                  1011011011011101                     0010010010011                      011011011101                         010010011                          11011101                             10011                              1101                                 1
               010010010010010011                 11011011011011101                    10010010010011                     1011011011101                        0010010011                         011011101                            010011                             11101                                11                                 1
            010010010010010010011              11011011011011011101                 10010010010010011                  1011011011011101                     0010010010011                      011011011101                         010010011                          11011101                             10011                              1101                                 1
           0010010010010010010011             011011011011011011101                010010010010010011                 11011011011011101                    10010010010011                     1011011011101                        0010010011                         011011101                            010011                             11101                                11                                 1
        0010010010010010010010011          011011011011011011011101             010010010010010010011              11011011011011011101                 10010010010010011                  1011011011011101                     0010010010011                      011011011101                         010010011                          11011101                             10011                              1101                                 1
       10010010010010010010010011         1011011011011011011011101            0010010010010010010011             011011011011011011101                010010010010010011                 11011011011011101                    10010010010011                     1011011011101                        0010010011                         011011101                            010011                             11101                                11                                 1
    10010010010010010010010010011      1011011011011011011011011101         0010010010010010010010011          011011011011011011011101             010010010010010010011              11011011011011011101                 10010010010010011                  1011011011011101                     0010010010011                      011011011101                         010010011                          11011101                             10011                              1101                                 1
   010010010010010010010010010011     11011011011011011011011011101        10010010010010010010010011         1011011011011011011011101            0010010010010010010011             011011011011011011101                010010010010010011                 11011011011011101                    10010010010011                     1011011011101                        0010010011                         011011101                            010011                             11101                                11                                 1
010010010010010010010010010010011  11011011011011011011011011011101     10010010010010010010010010011      1011011011011011011011011101         0010010010010010010010011          011011011011011011011101             010010010010010010011              11011011011011011101                 10010010010010011                  1011011011011101                     0010010010011                      011011011101                         010010011                          11011101                             10011                              1101                                 1