           1                                                                                                                                                                                                                                                                                                                                  
           1                                                                                                                                                                                                                                                                                                                                  
           5             1                                                                                                                                                                                                                                                                                                                    
          13             7            11                                                                                                                                                                                                                                                                                                      
          29            23             5            49                                                                                                                                                                                                                                                                                        
          61            11            37            17           179                                                                                                                                                                                                                                                                          
         125            17           101            47           115           601                                                                                                                                                                                                                                                            
         253           247           229            25            13           473          1931                                                                                                                                                                                                                                              
         509           503            97           431           269            31          1675          6049                                                                                                                                                                                                                                
        1021           145           997           943            71            59          1163           791         18659                                                                                                                                                                                                                  
        2045          2039            43           281            19          1319             1          4513         17635         57001                                                                                                                                                                                                    
        4093          4087           313            55          3853            91            83            29          1417         54953        173051                                                                                                                                                                                      
        8189          1169           355          8111          7949           439          1201           233         11491         50857        168955        523249                                                                                                                                                                        
       16381          3275          1487           137         16141           101         14197            11          3299           371        160763        515057       1577939                                                                                                                                                          
       32765         32759          1129         32687          1301           161           577            73          2617           641        144379         71239       1561555       4750201                                                                                                                                            
       65533          5957           601          1007         65293           229           143            25         45853           499        111611          2167         66469        673919      14283371                                                                                                                              
      131069        131063         26209         18713        130829        130343           173            89            29         10289            19          5639          8977        273641      14217835      42915649                                                                                                                
      262141         52427        262117        262063           193            97            47           431          6553           151          7727           119         21839         67475      14086763      42784577     128878019                                                                                                  
      524285         74897        524261          4639           643         16889         27479         73961           215         27367        347141            23        214007        608383          8497      42522433     128615875     386896201                                                                                    
     1048573       1048567       1048549          7231          7331          1051       1046389            41       1028893           181         67033           295        545747          3211       1209121         29267       9853199     386371913    1161212891                                                                      
     2097149       2097143         22075         28727       2096909           553        418993           103           307       2038103        384001           329        502829       2685817        106537        245207     127043011      55046191    1160164315    3484687249                                                        
     4194301        119837       4194277         34663          9731          1175           673           281         34501           145        174659          1319       2599981            77         64679          8609        121189       2472427      19628257     204858241   10456158899                                          
     8388605       8388599       8388581       1198361       1677673       8387879        364627        118057           557        169991       8211461            31       1358857            79           431         55631       1271069         57023    1153872859    3478395793   10451964595   31372671001                            
    16777213      16777207        117323         50081      16776973          1729         53939          4015           169          3853      16600069            65           827            83            13          2465          5029         44161         78313       2260591      13580723   31364282393   94126401611              
    33554429       4793489        780335      33554351        139229        818383       6710449       4792553          1723       1456321           235          1097       1682111           119        768221       9492289          2069        110273       1515043      70474081     453339077     764573297   94109624395  282395982049